4855469
7684792
7585813
8889703
526160
6417693
6337903
8368647
9653615
3978388
7250114
6956231
1337112
1544088
9535387
971950
9836132
1789718
3138905
7967044
5528994
3158689
9526360
2085638
5833452
9945003
2990258
6938374
2790176
7967487
1152380
1196169
1208497
1336955
1361534
5805017
3628996
4355068
3164275
1791198
2967713
138896
3867056
3898679
5257225
4174589
504595
7226349
6113674
1887382
6201732
6162417
1031001
7399111
4194336
5011409
3527989
8275907
4520898
5111989
2438891
8793173
589396
4182687
9903340
1600378
5657315
1898230
887119
9635710
5245068
3299251
5242919
3204731
8049055
8008150
5163030
6933047
1766617
2065243
3613608
7782991
9827502
9164632
1294737
2112072
6809274
1679535
6887886
2499006
370000
3020219
3438305
9572146
1587769
3194314
9117428
2788514
1592046
2685513
5030439
7910912
3708529
5314081
4581862
456565
2635587
6077929
3346527
7415724
7564396
1730635
5770356
6030857
1717157
5587460
9954278
4574228
5122033
4570703
6403285
4148816
8037210
9457256
6209691
6465229
3714712
2161996
3661841
838026
7329594
7224599
9740770
4005945
3212804
2460001
1122240
3570901
3769688
1089822
2987920
1700791
1286277
7177966
2765889
2735484
1365135
669624
5303378
3957071
1269261
2955936
6763303
4128320
676112
9988550
8723223
2215150
542513
3324591
7338420
5892073
9787063
2864105
2748284
1916623
4505357
8496586
6945764
2162424
1686867
1275107
8992874
7489028
5092321
8034602
7743090
6420561
1471113
1146901
6877642
1750348
837208
6255998
2114920
9598580
8820398
9899045
966077
6513783
64508
8677432
1603464
1908207
8561551
2622280
810148
6540611
4184108
9504693
5554854
9149621
5694368
2188598
3734332
4937682
9288068
9551234
9708219
2666413
6822114
2482891
2391839
8308811
3054004
8742092
3353613
11627
880120
1265666
2487570
2458432
3429933
3549300
511609
3993686
6398894
2319610
6529800
7710671
4896689
2724194
1218527
724591
9248591
5414825
4566110
4128276
3769531
1659509
5882296
3342516
3152864
9574459
9020761
6560688
3612046
3790625
6236030
325608
6809310
6526515
2050747
387857
691041
120216
9978748
899442
998266
5438791
9363178
7125431
8183287
1108251
4864979
8661539
6814079
8142749
5009726
1916596
6692989
6642933
346489
3206511
3372237
6555907
4862151
3589749
9432741
7910395
4701486
4288088
337741
9026175
8962856
8003196
3065655
5438780
7261069
2618116
7891555
2629427
9416102
3717599
7352834
4209038
5355921
3655840
3478707
143012
4280053
7901750
1219726
1247102
3830127
8913751
2738796
5684050
7205104
3143945
1768939
8623327
5845818
7373869
8260238
1169580
5452331
4057197
2839433
9515979
7428864
515802
4005653
6849964
2338517
2924455
2233578
7303035
4369901
8201984
3974656
2094766
8357437
189814
7712762
5805297
1956788
3960663
5927482
2246593
9410911
8747342
6073391
6091077
9066638
7499218
4231198
5700859
1421940
6047018
1968342
1818694
430505
9680620
5348073
3651854
7699455
3153294
9168487
72565
469681
5838227
5227055
5872254
4547993
6382121
7332100
9101785
3158464
4350443
5758924
9499485
1774725
1004912
5817480
6151512
94367
8424522
3614946
6947884
9019936
2851657
5705643
2760082
4505536
3120275
9343506
5852525
7080180
1938895
3573485
8477876
3023965
6471163
7686479
102385
2074145
217953
8810435
8925918
325859
3568522
5807888
4493248
5362964
3442526
6573266
4391296
7685703
6341906
2382856
770600
9422149
7927430
1989686
174463
2067345
5054415
674892
5990939
5638802
5709005
2424528
3172327
3064159
6235168
5925144
1385935
9234183
8762789
7333492
8968354
4987112
127341
8153603
7596382
7103456
6491185
5853352
6866930
9063697
2001467
7546773
639896
2999327
2546104
2189413
4298780
9155565
2219835
9236956
2468520
7311075
4442870
6875605
8882534
7504081
8842928
4932692
9966961
1106954
548126
6263008
4998202
3572945
2058378
3420852
2833214
8859116
893056
8351147
5414733
5517477
5286797
4357066
9438981
9134285
1619732
1007889
4885921
3725903
8155082
7374622
5185495
8993607
8579620
7001040
8974046
581438
2137277
1872260
3998968
3621832
2931273
323795
3833558
9466756
8078272
491139
247118
5547207
4880866
5538150
1361411
346015
1615053
1338573
4606184
7213647
9553044
9224126
2573355
2873074
6736559
7683819
6969023
1862119
5483659
6016037
8234183
7082030
3365732
3498905
4918943
3519173
1800750
1872097
6358797
2166631
1749568
777751
9570496
3142511
8165784
6812532
6755888
7120897
3599846
1867512
8291001
5478944
9180790
4429877
2677497
8376341
375235
4721601
4040236
3553912
2191985
448841
2136605
4947201
4635440
3258383
4190923
967650
6749894
9897062
8523973
520391
5958649
4383727
7012498
7202670
2149952
2640792
2811526
3868356
562656
2339630
5191708
1791445
7941735
772015
9171578
7561435
8974105
3051194
1105848
6932193
1215420
6396823
7247010
1211789
1751380
5417529
6947894
4872949
9283604
8358923
5073975
6272883
7416076
2807596
4818070
3621443
3042963
4394794